132
144
152
177
167
120
176
107
190
129
110
145
136
172
180
134
107
118
199
161
119
154
146
166
178
121
154
194
136
163
160
157
131
129
120
131
114
163
140
163
118
183
147
179
150
183
133
196
163
111
158
148
188
154
196
132
110
174
121
162
170
167
175
153
150
176
190
198
127
119
112
156
157
138
114
143
104
181
122
125
146
121
179
129
110
101
104
192
102
131
198
192
144
107
160
123
185
181
111
122
172
104
187
103
122
110
187
140
145
179
169
104
176
130
121
119
143
110
193
129
197
146
101
190
161
115
157
173
149
102
194
114
185
186
140
100
135
183
163
137
166
174
111
187
165
117
155
122
175
197
167
161
163
156
182
168
199
118
199
140
166
111
146
109
134
181
145
171
128
120
133
121
180
150
144
146
103
180
117
132
194
118
100
122
141
132
102
142
144
194
141
139
116
192
198
118
160
125
199
129
194
142
